8C040900
00000000
00000000
00000000
00000000
0C000008
00408020
0800003B
00000000
00000000
00000000
00000000
00000000
23BDFFF8
00000000
00000000
00000000
00000000
00000000
AFA40004
AFBF0000
20080002
00000000
00000000
00000000
00000000
0088402A
00000000
00000000
00000000
00000000
10080007
20020001
23BD0008
00000000
00000000
00000000
00000000
03E00008
2084FFFF
0C000008
00000000
00000000
00000000
00000000
8FBF0000
8FA40004
23BD0008
00000000
00820019
00000000
00000000
00000000
00001012
00000000
00000000
00000000
00000000
03E00008
AC02090C
00000000
00000000
00000000
00000000